91,223,95,252
96,221,111,251
112,214,127,246
128,207,143,242
325,163,335,176
336,164,351,178
352,166,367,179
368,168,383,181
324,176,335,195
336,177,351,197
352,179,367,198
368,181,383,200
198,185,207,201
208,182,223,197
571,187,575,222
576,188,591,222
592,190,607,224
608,192,623,226
624,194,639,227
640,197,655,229
656,199,671,230
200,196,207,215
208,193,223,213
411,165,415,207
416,166,431,207
432,168,447,209
448,171,463,211
464,173,479,212
480,175,495,214
496,177,511,215
512,180,527,217
528,182,543,218
544,184,559,220
140,202,143,237
144,200,159,236
160,194,175,231
176,188,191,226
315,281,319,293
320,280,335,292
336,278,351,291
315,293,319,309
320,293,335,308
336,291,351,308
680,218,687,233
688,219,703,233
704,221,719,235
735,212,735,239
736,213,751,239
752,215,767,241
768,217,783,242
784,220,799,244
788,219,799,245
800,221,815,246
553,276,559,287
560,276,575,287
576,276,591,288
592,277,607,288
553,289,559,306
560,289,575,306
576,289,591,305
592,290,607,305
9,247,15,267
16,244,31,265
